
# Low moment details 
# 3 Amps
# The format for a three point waveform is t11,t12,A11,A12,t21,t22,A21,A22,t31, t32,A31,A32

# Waveform 
41 -6.7400001e-04 -6.6485000e-04 0.0000000e-01 -1.7000000e-01    -6.6485000e-04 -6.5300998e-04 -1.7000000e-01 -3.2100001e-01    -6.5300998e-04 -6.3808000e-04 -3.2100001e-01 -4.7000000e-01    -6.3808000e-04 -6.1837002e-04 -4.7000000e-01 -6.2699997e-01    -6.1837002e-04 -5.9667998e-04 -6.2699997e-01 -7.5000000e-01    -5.9667998e-04 -5.7555002e-04 -7.5000000e-01 -8.3999997e-01    -5.7555002e-04 -5.4512999e-04 -8.3999997e-01 -9.2900002e-01    -5.4512999e-04 -5.1161001e-04 -9.2900002e-01 -9.9500000e-01    -5.1161001e-04 -4.7400000e-04 -9.9500000e-01 -1.0350000e+00    -4.7400000e-04 -4.7391001e-04 -1.0350000e+00 -9.4599998e-01    -4.7391001e-04 -4.7381001e-04 -9.4599998e-01 -8.2900000e-01    -4.7381001e-04 -4.7371999e-04 -8.2900000e-01 -6.6299999e-01    -4.7371999e-04 -4.7360000e-04 -6.6299999e-01 -4.5699999e-01    -4.7360000e-04 -4.7346001e-04 -4.5699999e-01 -2.8600001e-01    -4.7346001e-04 -4.7334001e-04 -2.8600001e-01 -1.9599999e-01    -4.7334001e-04 -4.7319999e-04 -1.9599999e-01 -1.3300000e-01    -4.7319999e-04 -4.7281000e-04 -1.3300000e-01 -6.7000002e-02    -4.7281000e-04 -4.7221000e-04 -6.7000002e-02 -2.1000000e-02    -4.7221000e-04 -4.7179000e-04 -2.1000000e-02 -3.0000000e-03    -4.7179000e-04 -4.7130001e-04 -3.0000000e-03 0.0000000e-01    -4.7130001e-04 -1.9999999e-04 0.0000000e-01 0.0000000e-01    -1.9999999e-04 -1.9085000e-04 0.0000000e-01 1.7000000e-01    -1.9085000e-04 -1.7901001e-04 1.7000000e-01 3.2100001e-01    -1.7901001e-04 -1.6408000e-04 3.2100001e-01 4.7000000e-01    -1.6408000e-04 -1.4437000e-04 4.7000000e-01 6.2699997e-01    -1.4437000e-04 -1.2267999e-04 6.2699997e-01 7.5000000e-01    -1.2267999e-04 -1.0155000e-04 7.5000000e-01 8.3999997e-01    -1.0155000e-04 -7.1126997e-05 8.3999997e-01 9.2900002e-01    -7.1126997e-05 -3.7606002e-05 9.2900002e-01 9.9500000e-01    -3.7606002e-05 0.0000000e-01 9.9500000e-01 1.0000000e+00    0.0000000e-01 9.2977999e-08 1.0000000e+00 9.4599998e-01    9.2977999e-08 1.8812000e-07 9.4599998e-01 8.2900000e-01    1.8812000e-07 2.8325999e-07 8.2900000e-01 6.6299999e-01    2.8325999e-07 4.0002001e-07 6.6299999e-01 4.5699999e-01    4.0002001e-07 5.3841001e-07 4.5699999e-01 2.8600001e-01    5.3841001e-07 6.5949001e-07 2.8600001e-01 1.9599999e-01    6.5949001e-07 8.0220002e-07 1.9599999e-01 1.3300000e-01    8.0220002e-07 1.1871000e-06 1.3300000e-01 6.7000002e-02    1.1871000e-06 1.7882001e-06 6.7000002e-02 2.1000000e-02    1.7882001e-06 2.2130000e-06 2.1000000e-02 3.0000000e-03    2.2130000e-06 2.6000000e-06 3.0000000e-03 0.0000000e-01    

# Gates 
# Gate time	db/dt	Uncertainty Gate_open_time 	Gate_close_time
3.97640e-06  3.610803e-05 3.0002e-02  3.23000e-06 4.85000e-06
5.99420e-06  1.251315e-05 3.0001e-02  5.23000e-06 6.85000e-06
8.00420e-06  5.192034e-06 3.0001e-02  7.23000e-06 8.85000e-06
1.00110e-05  2.572845e-06 3.0002e-02  9.23000e-06 1.08500e-05
1.20150e-05  1.450799e-06 3.0006e-02  1.12300e-05 1.28500e-05
1.40180e-05  8.879977e-07 3.0011e-02  1.32300e-05 1.48500e-05


# High moment 
# 30 Amps
# Waveform
39 -2.0369999e-03 -2.0226000e-03 0.0000000e-01 -1.9400001e-01    -2.0226000e-03 -1.9932999e-03 -1.9400001e-01 -4.4299999e-01    -1.9932999e-03 -1.9663000e-03 -4.4299999e-01 -6.0799998e-01    -1.9663000e-03 -1.9346999e-03 -6.0799998e-01 -7.4000001e-01    -1.9346999e-03 -1.8829000e-03 -7.4000001e-01 -8.7300003e-01    -1.8829000e-03 -1.8131000e-03 -8.7300003e-01 -9.5499998e-01    -1.8131000e-03 -1.7424000e-03 -9.5499998e-01 -9.8799998e-01    -1.7424000e-03 -1.6433001e-03 -9.8799998e-01 -1.0030000e+00    -1.6433001e-03 -1.5870000e-03 -1.0030000e+00 -9.9299997e-01    -1.5870000e-03 -1.5868000e-03 -9.9299997e-01 -9.4800001e-01    -1.5868000e-03 -1.5866000e-03 -9.4800001e-01 -8.2400000e-01    -1.5866000e-03 -1.5863000e-03 -8.2400000e-01 -6.4899999e-01    -1.5863000e-03 -1.5861000e-03 -6.4899999e-01 -4.6599999e-01    -1.5861000e-03 -1.5858000e-03 -4.6599999e-01 -2.0500000e-01    -1.5858000e-03 -1.5856000e-03 -2.0500000e-01 -1.2100000e-01    -1.5856000e-03 -1.5853000e-03 -1.2100000e-01 -6.1999999e-02    -1.5853000e-03 -1.5847000e-03 -6.1999999e-02 -2.0000000e-02    -1.5847000e-03 -1.5832999e-03 -2.0000000e-02 -8.9999996e-03    -1.5832999e-03 -1.5820001e-03 -8.9999996e-03 0.0000000e-01    -1.5820001e-03 -4.4999999e-04 0.0000000e-01 0.0000000e-01    -4.4999999e-04 -4.3563001e-04 0.0000000e-01 1.9400001e-01    -4.3563001e-04 -4.0634000e-04 1.9400001e-01 4.4299999e-01    -4.0634000e-04 -3.7930001e-04 4.4299999e-01 6.0799998e-01    -3.7930001e-04 -3.4775000e-04 6.0799998e-01 7.4000001e-01    -3.4775000e-04 -2.9592001e-04 7.4000001e-01 8.7300003e-01    -2.9592001e-04 -2.2606000e-04 8.7300003e-01 9.5499998e-01    -2.2606000e-04 -1.5545000e-04 9.5499998e-01 9.8799998e-01    -1.5545000e-04 -5.6290999e-05 9.8799998e-01 1.0030000e+00    -5.6290999e-05 0.0000000e-01 1.0030000e+00 9.9299997e-01    0.0000000e-01 2.2240999e-07 9.9299997e-01 9.4800001e-01    2.2240999e-07 4.3987001e-07 9.4800001e-01 8.2400000e-01    4.3987001e-07 6.6721998e-07 8.2400000e-01 6.4899999e-01    6.6721998e-07 8.6491002e-07 6.4899999e-01 4.6599999e-01    8.6491002e-07 1.2010000e-06 4.6599999e-01 2.0500000e-01    1.2010000e-06 1.3987000e-06 2.0500000e-01 1.2100000e-01    1.3987000e-06 1.6557000e-06 1.2100000e-01 6.1999999e-02    1.6557000e-06 2.2784000e-06 6.1999999e-02 2.0000000e-02    2.2784000e-06 3.7018001e-06 2.0000000e-02 8.9999996e-03    3.7018001e-06 4.9999999e-06 8.9999996e-03 0.0000000e-01    

# Gates 
# Gate time	db/dt	Uncertainty Gate_open_time 	Gate_close_time
1.02610e-05  3.060749e-06 3.0000e-02 9.48000e-06 1.11000e-05
1.22650e-05  1.682779e-06 3.0000e-02 1.14800e-05 1.31000e-05
1.42680e-05  1.022198e-06 3.0001e-02 1.34800e-05 1.51000e-05
1.62710e-05  6.628489e-07 3.0001e-02 1.54800e-05 1.71000e-05
1.82730e-05  4.533349e-07 3.0002e-02 1.74800e-05 1.91000e-05
2.12160e-05  2.863055e-07 3.0002e-02 1.77270e-05 2.53580e-05
2.70310e-05  1.354609e-07 3.0003e-02 2.00930e-05 3.62630e-05
3.59780e-05  5.358598e-08 3.0016e-02 2.71640e-05 4.75600e-05
4.73790e-05  2.241924e-08 3.0083e-02 3.58200e-05 6.25780e-05
6.31170e-05  9.328463e-09 3.0263e-02 4.63190e-05 8.58890e-05
8.31600e-05  3.966613e-09 3.1366e-02 6.41140e-05 1.07790e-04
1.09590e-04  1.743774e-09 3.6599e-02 8.02320e-05 1.49580e-04
1.45080e-04  7.548325e-10 5.4768e-02 1.10560e-04 1.90300e-04
1.88230e-04  3.703085e-10 9.6299e-02 1.43600e-04 2.46660e-04
2.44670e-04  2.551773e-10 1.7150e-01 1.85540e-04 3.22570e-04
3.19000e-04  1.946286e-10 3.0002e+00 2.41620e-04 4.21080e-04
4.27380e-04  1.496400e-10 9.4506e+00 3.05910e-04 5.96930e-04
5.72300e-04  1.658593e-10 1.3544e+00 4.33640e-04 7.55200e-04
7.46660e-04  6.025722e-11 6.7152e+01 5.64340e-04 9.87770e-04
9.81240e-04  3.419063e-11 4.9777e-01 8.53480e-04 1.12810e-03




# Transmitter and receiver positions. 
#The first three reals are the positions of the transmitter (Tx), 
#and the last three reals are the location of the receiver dipole (Rx).

0.00 0.00 -0.97 -9.00 0.00 -0.43 

# Tx dimensions. One integer, one real. 
#Number of segments, area of the loop. 
#Then follows one line for each segment 
#with x- and y-coordinates of the corner points.
  4  8.41
 -01.45 -01.45
  01.45 -01.45
  01.45  01.45
 -01.45  01.45